<?xml version="1.0"?>
<opencv_storage>
<strings>
  "images for training"
  data/Fully-bloomed\T0001_YM_20100805090237_02_32.jpg
  data/Fully-bloomed\T0001_YM_20100807100236_01_50.jpg
  data/Fully-bloomed\T0001_YM_20100805120237_02_48.jpg
  data/Fully-bloomed\T0001_YM_20100805090237_01_15.jpg
  data/Fully-bloomed\T0001_YM_20100805150240_01_18.jpg
  data/Fully-bloomed\T0002_YM_20100818140221_01_24.jpg
  data/Fully-bloomed\T0002_YM_20100818130220_01_10.jpg
  data/Fully-bloomed\T0002_YM_20100818140221_01_26.jpg
  data/Fully-bloomed\T0001_YM_20100807100238_02_41.jpg
  data/Fully-bloomed\T0001_YM_20100807090237_02_10.jpg
  data/Fully-bloomed\T0001_YM_20100807100236_01_39.jpg
  data/Fully-bloomed\T0001_YM_20100805100238_02_40.jpg
  data/Fully-bloomed\T0001_YM_20100805100237_01_50.jpg
  data/Fully-bloomed\T0001_YM_20100805090237_02_31.jpg
  data/Fully-bloomed\T0001_YM_20100807100236_01_49.jpg
  data/Fully-bloomed\T0001_YM_20100805120237_02_47.jpg
  data/Fully-bloomed\T0001_YM_20100807090237_02_15.jpg
  data/Fully-bloomed\T0002_YM_20100818140221_01_23.jpg
  data/Fully-bloomed\T0001_YM_20100805090237_01_17.jpg
  data/Fully-bloomed\T0001_YM_20100805150240_01_20.jpg
  data/Non-bloomed\T0001_YM_20100803130236_02_35.jpg
  data/Non-bloomed\T0001_YM_20100803160241_01_37.jpg
  data/Non-bloomed\T0001_YM_20100803110238_02_35.jpg
  data/Non-bloomed\T0001_YM_20100803160241_01_35.jpg
  data/Non-bloomed\T0001_YM_20100803120236_01_22.jpg
  data/Non-bloomed\T0001_YM_20100803110237_01_30.jpg
  data/Non-bloomed\T0001_YM_20100809160240_02_43.jpg
  data/Non-bloomed\T0001_YM_20100803100239_02_12.jpg
  data/Non-bloomed\T0001_YM_20100803160242_02_18.jpg
  data/Non-bloomed\T0001_YM_20100804090236_01_12.jpg
  data/Non-bloomed\T0001_YM_20100803160242_02_24.jpg
  data/Non-bloomed\T0001_YM_20100809140241_02_43.jpg
  data/Non-bloomed\T0001_YM_20100803130236_02_37.jpg
  data/Non-bloomed\T0001_YM_20100803100238_01_18.jpg
  data/Non-bloomed\T0001_YM_20100803100238_01_22.jpg
  data/Non-bloomed\T0001_YM_20100809150239_01_31.jpg
  data/Non-bloomed\T0001_YM_20100803090238_01_16.jpg
  data/Non-bloomed\T0002_YM_20100814090220_01_1.jpg
  data/Non-bloomed\T0001_YM_20100803120236_02_31.jpg
  data/Non-bloomed\T0001_YM_20100803150236_02_22.jpg
  data/Partially-bloomed\T0001_YM_20100804140239_01_16.jpg
  data/Partially-bloomed\T0001_YM_20100804090236_01_23.jpg
  data/Partially-bloomed\T0001_YM_20100805100238_02_34.jpg
  data/Partially-bloomed\T0001_YM_20100805090237_01_26.jpg
  data/Partially-bloomed\T0001_YM_20100804100237_02_29.jpg
  data/Partially-bloomed\T0001_YM_20100803120236_01_24.jpg
  data/Partially-bloomed\T0001_YM_20100805100237_01_53.jpg
  data/Partially-bloomed\T0001_YM_20100804150242_02_35.jpg
  data/Partially-bloomed\T0001_YM_20100805120236_01_55.jpg
  data/Partially-bloomed\T0001_YM_20100805120237_02_45.jpg
  data/Partially-bloomed\T0001_YM_20100804100237_02_42.jpg
  data/Partially-bloomed\T0001_YM_20100805120236_01_58.jpg
  data/Partially-bloomed\T0001_YM_20100805120236_01_61.jpg
  data/Partially-bloomed\T0001_YM_20100805120237_02_54.jpg
  data/Partially-bloomed\T0001_YM_20100804150242_02_33.jpg
  data/Partially-bloomed\T0001_YM_20100803120236_02_20.jpg
  data/Partially-bloomed\T0001_YM_20100804130241_02_43.jpg
  data/Partially-bloomed\T0001_YM_20100805130237_02_11.jpg
  data/Partially-bloomed\T0001_YM_20100805100238_02_12.jpg
  data/Partially-bloomed\T0001_YM_20100805130237_02_30.jpg</strings>
<strings>
  "images for testing"
  data/Fully-bloomed\T0001_YM_20100805100237_01_25.jpg
  data/Fully-bloomed\T0001_YM_20100805100238_02_30.jpg
  data/Fully-bloomed\T0001_YM_20100805100238_02_45.jpg
  data/Fully-bloomed\T0001_YM_20100805120236_01_24.jpg
  data/Fully-bloomed\T0001_YM_20100805120236_01_29.jpg
  data/Fully-bloomed\T0001_YM_20100805120236_01_30.jpg
  data/Fully-bloomed\T0001_YM_20100805130237_02_49.jpg
  data/Fully-bloomed\T0001_YM_20100807090237_01_21.jpg
  data/Fully-bloomed\T0001_YM_20100807090237_01_45.jpg
  data/Fully-bloomed\T0001_YM_20100807090237_01_49.jpg
  data/Fully-bloomed\T0001_YM_20100807100236_01_25.jpg
  data/Fully-bloomed\T0001_YM_20100807100236_01_31.jpg
  data/Fully-bloomed\T0001_YM_20100807100236_01_43.jpg
  data/Fully-bloomed\T0001_YM_20100807100236_01_55.jpg
  data/Fully-bloomed\T0001_YM_20100807100238_02_31.jpg
  data/Fully-bloomed\T0001_YM_20100807100238_02_32.jpg
  data/Fully-bloomed\T0001_YM_20100807100238_02_33.jpg
  data/Fully-bloomed\T0001_YM_20100807100238_02_38.jpg
  data/Fully-bloomed\T0001_YM_20100807100238_02_39.jpg
  data/Fully-bloomed\T0001_YM_20100807100238_02_8.jpg
  data/Fully-bloomed\T0001_YM_20100807100238_02_9.jpg
  data/Fully-bloomed\T0002_YM_20100818130220_01_12.jpg
  data/Fully-bloomed\T0002_YM_20100818130220_01_37.jpg
  data/Fully-bloomed\T0002_YM_20100818130220_01_9.jpg
  data/Fully-bloomed\T0002_YM_20100818140221_01_27.jpg
  data/Fully-bloomed\T0002_YM_20100818140221_01_4.jpg
  data/Fully-bloomed\T0002_YM_20100818140221_01_49.jpg
  data/Fully-bloomed\T0002_YM_20100818140221_01_6.jpg
  data/Fully-bloomed\T0002_YM_20100818150220_01_5.jpg
  data/Fully-bloomed\T0002_YM_20100818150220_01_9.jpg
  data/Non-bloomed\T0001_YM_20100802160235_01_10.jpg
  data/Non-bloomed\T0001_YM_20100802160236_02_19.jpg
  data/Non-bloomed\T0001_YM_20100802160236_02_3.jpg
  data/Non-bloomed\T0001_YM_20100803090238_01_21.jpg
  data/Non-bloomed\T0001_YM_20100803090238_01_22.jpg
  data/Non-bloomed\T0001_YM_20100803090238_01_23.jpg
  data/Non-bloomed\T0001_YM_20100803090238_01_25.jpg
  data/Non-bloomed\T0001_YM_20100803090238_02_16.jpg
  data/Non-bloomed\T0001_YM_20100803090238_02_19.jpg
  data/Non-bloomed\T0001_YM_20100803090238_02_4.jpg
  data/Non-bloomed\T0001_YM_20100803090238_02_7.jpg
  data/Non-bloomed\T0001_YM_20100803100238_01_19.jpg
  data/Non-bloomed\T0001_YM_20100803100239_02_2.jpg
  data/Non-bloomed\T0001_YM_20100803110237_01_25.jpg
  data/Non-bloomed\T0001_YM_20100803110238_02_28.jpg
  data/Non-bloomed\T0001_YM_20100803110238_02_30.jpg
  data/Non-bloomed\T0001_YM_20100803120236_01_30.jpg
  data/Non-bloomed\T0001_YM_20100803120236_02_32.jpg
  data/Non-bloomed\T0001_YM_20100803130236_02_18.jpg
  data/Non-bloomed\T0001_YM_20100803130236_02_39.jpg
  data/Non-bloomed\T0001_YM_20100803140235_01_30.jpg
  data/Non-bloomed\T0001_YM_20100803140235_01_32.jpg
  data/Non-bloomed\T0001_YM_20100803140236_02_11.jpg
  data/Non-bloomed\T0001_YM_20100803140236_02_18.jpg
  data/Non-bloomed\T0001_YM_20100803150235_01_25.jpg
  data/Non-bloomed\T0001_YM_20100803150236_02_11.jpg
  data/Non-bloomed\T0001_YM_20100803150236_02_19.jpg
  data/Non-bloomed\T0001_YM_20100803150236_02_23.jpg
  data/Non-bloomed\T0001_YM_20100803160242_02_37.jpg
  data/Non-bloomed\T0001_YM_20100809150239_01_25.jpg
  data/Partially-bloomed\T0001_YM_20100803100238_01_12.jpg
  data/Partially-bloomed\T0001_YM_20100803110237_01_26.jpg
  data/Partially-bloomed\T0001_YM_20100804090236_01_16.jpg
  data/Partially-bloomed\T0001_YM_20100804090236_01_33.jpg
  data/Partially-bloomed\T0001_YM_20100804090236_01_46.jpg
  data/Partially-bloomed\T0001_YM_20100804100237_02_17.jpg
  data/Partially-bloomed\T0001_YM_20100804100237_02_33.jpg
  data/Partially-bloomed\T0001_YM_20100804100237_02_34.jpg
  data/Partially-bloomed\T0001_YM_20100804110241_02_34.jpg
  data/Partially-bloomed\T0001_YM_20100804110241_02_41.jpg
  data/Partially-bloomed\T0001_YM_20100804110241_02_42.jpg
  data/Partially-bloomed\T0001_YM_20100804120240_01_5.jpg
  data/Partially-bloomed\T0001_YM_20100804130241_02_50.jpg
  data/Partially-bloomed\T0001_YM_20100804150242_02_43.jpg
  data/Partially-bloomed\T0001_YM_20100805090237_01_21.jpg
  data/Partially-bloomed\T0001_YM_20100805090237_01_36.jpg
  data/Partially-bloomed\T0001_YM_20100805090237_01_37.jpg
  data/Partially-bloomed\T0001_YM_20100805090237_01_38.jpg
  data/Partially-bloomed\T0001_YM_20100805090237_01_42.jpg
  data/Partially-bloomed\T0001_YM_20100805100237_01_51.jpg
  data/Partially-bloomed\T0001_YM_20100805100238_02_5.jpg
  data/Partially-bloomed\T0001_YM_20100805100238_02_9.jpg
